NBR_PRODUCT:50
  CUSTOMER_HOLDING_COSTS:0.9632937147577019;
    TRANSPORTER_CAPACITY:25
    TRANSPORTER_DELIVERY_TIMES:200.0
    TRANSPORTER_DELIVERY_COSTS:1000.0
  SUPPLIER_PRODUCTION_TIMES:1.0;
  SUPPLIER_SETUP_TIME:10.0;
  SUPPLIER_SETUP_COST:50.0
  SUPPLIER_HOLDING_COSTS:0.8920839053170582;  
SUPPLIER_PRODUCTION_HOLDING_COSTS:0.0;100000.8920839053170582;100000.44604195266;100001.78416781063;100004.01437757393;100007.13667124254;100011.15104881646;100016.05751029571;100021.85605568027;100028.54668497015;100036.12939816534;100044.60419526586;100053.97107627169;100064.23004118283;100075.3810899993;100087.42422272108;100100.35943934818;100114.18673988058;100128.90612431831;100144.51759266136;100161.02114490973;100178.41678106341;100196.70450112241;100215.88430508673;100235.95619295636;100256.92016473132;100278.77622041159;100301.52435999717;100325.16458348806;100349.69689088428;100375.12128218582;100401.43775739268;100428.64631650485;100456.74695952234;100485.73968644514;100515.62449727325;100546.4013920067;100578.07037064545;100610.63143318953;100644.08457963892;100678.42980999363;100713.66712425364;100749.79652241898;100786.81800448964;100824.73157046562;100863.53722034692;100903.23495413353;100943.82477182544;100985.30667342269;101027.68065892525;101070.94672833313;
DUE_DATES:10000.0;10012.95293761947;10115.126770513109;10199.129049324654;10226.11771770977;10251.127200786825;10269.204881032714;10329.191384475978;10403.333846598225;10509.730869910007;10565.202814034072;10679.322562817997;10700.095988609732;10718.393468010994;10719.004408128894;10854.34569423265;10948.437060632528;12158.824393046887;12204.817741108402;12335.962543936846;12423.801277735947;12569.815210097704;12674.276294736132;12728.037410294488;12781.467651499202;12932.666153287373;13355.135188434697;13372.729525252043;13498.255148178794;13624.938152594652;13746.377626028647;13840.257808715634;13923.762043449598;14008.60440274019;14076.939092543771;14199.474305780854;14247.784562973673;14303.141844330341;14389.283806608877;14408.44954141918;14512.586811104617;14513.396391368267;14537.910633168434;14567.11575186817;14583.536651825536;14725.704959543787;14826.075490271694;14941.223783861064;15044.832144927288;16081.693230323643;

